Region	Catchment	Transect	Transect_code	sp1	sp2	sp3	sp4	sp5	sp6	sp7	sp8	sp9	sp10	sp11	sp12	sp13	sp14	sp15	sp16	sp17	sp18	sp19	sp20	sp21	sp22	sp23	sp24	sp25	sp26	sp27	sp28	sp29	sp30	sp31	sp32	sp33	sp34	sp35	sp36	sp37	sp38	sp39	sp40	sp41
PGM	100	1	100_1	0	0	0	1	0	1	2	0	0	0	0	0	0	0	2	0	4	0	1	2	0	4	0	0	1	0	1	10	0	0	0	0	0	5	1	0	0	0	0	0	0
PGM	100	10	100_10	0	0	0	0	0	0	0	0	0	0	0	1	0	0	1	0	2	0	0	2	0	1	0	0	0	0	0	2	0	0	0	1	1	0	4	0	1	0	0	0	0
PGM	100	2	100_2	0	0	0	0	0	0	4	2	0	0	0	4	2	0	2	0	0	0	0	2	0	6	1	0	0	0	0	12	1	0	0	0	0	1	4	0	0	0	0	0	0
PGM	100	3	100_3	0	0	0	0	0	0	5	1	0	3	1	0	0	0	2	0	10	0	0	0	0	0	1	0	0	4	0	13	0	0	0	2	0	4	1	0	0	0	2	0	0
PGM	100	4	100_4	0	0	0	0	0	0	4	2	0	1	2	0	0	0	4	0	0	0	0	1	0	2	4	0	0	1	0	6	0	0	0	0	1	1	0	0	0	0	1	0	0
PGM	100	5	100_5	0	0	0	0	0	0	3	4	0	0	0	0	0	0	0	0	1	0	1	0	0	2	0	0	0	0	0	0	0	0	0	0	0	1	1	0	0	0	1	0	1
PGM	100	6	100_6	0	0	0	0	0	0	11	0	0	1	0	1	0	0	1	0	6	0	0	0	0	5	1	0	0	1	0	5	0	0	3	3	0	4	1	0	0	0	0	0	0
PGM	100	7	100_7	0	0	0	0	0	0	0	0	0	0	0	1	0	0	0	0	2	0	0	0	0	0	2	0	0	0	0	0	0	0	1	0	0	0	0	0	0	0	0	0	0
PGM	100	8	100_8	0	0	0	2	0	0	0	1	1	0	0	0	0	0	1	0	1	0	0	1	0	1	0	0	0	0	0	0	0	0	0	0	0	0	0	0	0	0	0	0	0
PGM	100	9	100_9	0	0	0	0	0	0	11	6	2	1	1	0	0	0	3	0	5	0	0	6	0	7	2	0	0	0	0	3	0	0	0	0	1	2	2	0	0	0	0	0	0
PGM	142	1	142_1	0	0	0	0	0	0	0	0	0	0	0	0	0	0	1	0	2	0	0	0	0	0	0	0	0	0	0	0	0	0	0	0	1	4	0	0	0	0	1	0	0
PGM	142	11	142_11	0	0	0	0	1	0	1	1	0	0	0	0	0	0	0	0	0	0	0	2	0	0	9	0	0	0	0	1	1	0	0	1	1	0	0	0	0	0	0	0	0
PGM	142	12	142_12	0	0	0	0	0	0	0	0	0	1	1	0	0	0	1	0	1	0	0	0	0	0	0	0	0	0	0	0	0	0	1	0	0	1	0	0	0	0	0	0	0
PGM	142	13	142_13	0	0	0	0	0	0	2	0	0	1	0	0	0	0	0	0	0	2	0	0	0	0	0	0	0	0	0	0	0	0	0	0	0	0	0	0	0	0	0	0	0
PGM	142	2	142_2	0	0	0	0	0	0	0	0	0	0	0	0	0	0	0	0	1	2	0	2	0	1	0	0	0	1	0	0	0	0	0	0	0	0	0	0	0	0	0	0	0
PGM	142	3	142_3	0	0	0	0	0	0	0	0	0	0	0	0	0	0	0	0	4	0	0	0	0	0	1	0	0	0	0	0	0	0	0	0	0	5	0	0	0	0	0	0	0
PGM	142	4	142_4	0	0	0	0	0	0	0	1	0	0	3	0	0	0	0	0	1	0	0	0	0	0	0	0	0	0	0	1	0	0	0	0	0	0	0	0	0	0	0	0	0
PGM	142	5	142_5	0	0	0	0	0	0	0	0	0	0	0	0	0	0	0	0	3	0	0	0	0	0	0	0	0	0	0	1	0	0	0	0	0	0	0	0	0	0	0	0	0
PGM	142	6	142_6	0	0	0	0	0	0	0	0	0	0	0	0	0	0	0	0	0	0	0	0	0	0	0	0	0	0	0	0	0	0	0	0	0	2	0	0	0	0	0	0	0
PGM	142	7	142_7	0	0	0	0	0	0	0	0	0	0	0	0	0	0	0	0	0	0	0	0	0	0	2	0	0	0	0	0	0	0	0	0	0	0	0	0	0	0	0	0	0
PGM	142	8	142_8	0	0	0	0	0	0	4	0	0	0	0	0	0	0	1	0	1	0	0	1	0	0	1	0	0	0	0	0	0	0	0	0	0	1	0	0	0	0	0	0	0
PGM	142	9	142_9	0	0	0	0	1	0	0	0	0	1	0	0	0	0	0	0	0	0	0	0	0	0	0	0	0	0	0	0	1	0	0	0	1	0	0	0	2	0	0	0	0
PGM	147	1	147_1	0	0	0	0	0	0	0	2	0	0	0	0	0	0	0	0	0	0	0	0	0	2	1	0	0	0	0	1	0	0	0	0	0	0	0	0	0	0	0	1	0
PGM	147	11	147_11	0	0	0	0	0	0	0	0	0	0	0	0	0	0	0	0	4	1	0	0	0	0	0	0	4	0	0	0	0	0	0	0	0	2	0	0	0	0	0	0	0
PGM	147	12	147_12	0	0	0	0	0	1	1	0	0	2	0	0	0	0	0	0	1	0	0	1	0	0	0	0	0	0	0	0	0	0	0	5	0	0	0	0	0	0	0	0	0
PGM	147	13	147_13	0	0	0	1	1	3	3	0	0	1	0	0	0	0	2	0	4	0	0	0	0	0	1	0	0	0	0	0	0	0	0	5	1	3	0	0	3	0	0	0	0
PGM	147	14	147_14	0	0	0	0	0	0	0	0	0	2	0	0	0	0	0	0	0	0	0	0	0	0	0	0	0	0	0	1	0	0	0	0	1	1	0	0	0	0	0	0	0
PGM	147	2	147_2	0	0	0	0	0	0	1	0	0	0	0	0	0	0	1	1	2	0	0	0	0	1	0	0	0	0	0	0	0	0	0	0	0	0	0	0	0	0	0	0	0
PGM	147	3	147_3	0	0	0	0	0	0	2	0	0	0	0	0	0	0	0	0	0	0	0	0	0	0	0	0	0	0	0	0	0	0	0	0	0	2	0	0	0	0	0	0	0
PGM	147	4	147_4	0	0	0	0	0	0	2	0	0	0	0	0	0	0	0	0	0	0	0	0	0	1	3	0	0	0	0	0	0	0	2	0	0	2	0	0	0	0	2	0	1
PGM	147	5	147_5	0	0	0	0	0	0	1	0	0	0	3	0	0	0	0	0	7	0	0	1	0	0	0	0	0	0	0	0	0	0	0	0	0	2	0	0	0	0	0	0	0
PGM	147	7	147_7	0	0	0	0	0	0	0	0	0	0	0	0	0	0	0	0	2	0	0	0	0	1	0	0	3	0	0	1	0	0	0	0	0	0	0	0	0	0	0	0	0
PGM	147	8	147_8	0	0	0	0	0	0	0	0	0	0	2	0	0	0	0	1	1	1	0	0	0	0	0	0	1	0	0	0	0	0	0	0	0	2	0	0	0	0	1	0	0
PGM	152	1	152_1	0	0	0	0	0	0	1	1	0	2	0	0	0	0	1	0	0	0	0	0	0	0	0	0	0	0	0	6	0	0	0	0	1	0	0	0	0	0	0	0	0
PGM	152	10	152_10	0	0	0	0	0	0	2	0	0	0	0	0	0	0	0	0	0	0	0	0	0	1	3	0	0	0	0	1	0	0	0	0	0	1	0	0	5	0	0	0	0
PGM	152	11	152_11	0	0	0	0	0	1	7	0	0	2	0	0	0	0	5	0	0	0	0	0	0	1	3	0	0	0	0	0	0	0	0	12	4	0	0	0	0	0	0	0	0
PGM	152	12	152_12	0	0	0	0	0	0	2	0	0	0	0	0	0	0	0	0	0	0	0	0	0	0	0	0	0	0	0	0	0	0	0	0	0	1	0	0	1	0	0	0	0
PGM	152	2	152_2	0	0	0	0	0	0	2	1	0	1	2	0	1	0	0	0	0	0	0	0	0	0	0	0	1	0	0	7	0	0	1	1	0	1	0	0	0	0	1	0	0
PGM	152	3	152_3	0	0	0	0	0	0	1	0	0	0	1	0	0	0	1	0	0	0	0	1	0	0	1	0	0	0	0	1	0	0	0	1	5	2	0	0	0	0	0	0	0
PGM	152	4	152_4	0	0	0	1	0	0	1	0	0	0	0	0	0	0	3	0	0	0	0	3	0	0	1	0	1	0	1	10	0	0	0	1	1	6	0	0	0	0	0	0	0
PGM	152	5	152_5	0	0	0	0	0	0	0	0	0	0	0	0	0	0	0	0	0	0	0	0	0	0	2	0	0	0	0	0	0	0	0	4	0	0	0	0	3	0	0	0	0
PGM	152	6	152_6	0	0	0	0	0	0	2	0	0	0	0	0	0	0	2	0	0	0	0	0	0	0	0	0	2	0	0	7	0	0	0	3	0	0	0	0	0	0	0	0	0
PGM	152	7	152_7	0	0	0	1	0	1	7	0	0	1	1	0	0	1	1	0	0	0	0	0	0	0	1	0	0	0	0	15	0	0	1	3	2	0	0	0	1	0	0	1	0
PGM	152	8	152_8	0	0	0	0	0	0	0	1	0	0	2	0	0	0	2	0	1	1	0	2	0	1	1	0	2	0	0	19	0	0	0	5	3	7	0	0	0	0	0	3	0
PGM	152	9	152_9	0	0	0	0	0	2	1	0	0	0	0	0	0	0	1	0	0	0	0	0	0	0	0	0	0	0	0	0	0	0	0	2	1	2	0	0	2	0	0	0	0
PGM	202	1	202_1	0	0	0	0	0	0	1	0	0	0	0	0	0	0	0	0	2	1	0	0	0	0	0	0	0	0	0	0	0	0	0	0	1	0	0	0	1	0	0	0	0
PGM	202	12	202_12	0	0	0	0	0	0	2	0	0	0	0	0	0	0	0	0	0	0	0	0	0	0	0	0	0	0	0	0	0	0	0	0	0	0	0	0	0	0	0	0	0
PGM	202	13	202_13	0	0	0	0	0	0	0	0	0	1	1	0	0	0	0	0	13	0	0	1	0	0	1	0	1	0	0	0	0	0	0	2	1	4	0	0	2	0	0	0	0
PGM	202	14	202_14	0	0	0	0	0	0	0	0	0	0	0	0	0	0	1	0	0	0	0	4	0	0	4	0	0	0	0	0	0	0	0	2	0	0	0	0	2	0	0	0	0
PGM	202	2	202_2	0	0	0	0	0	0	1	0	0	0	0	0	0	0	1	0	3	0	0	0	0	1	0	0	0	0	0	0	0	0	0	0	0	0	0	0	4	0	0	0	0
PGM	202	3	202_3	0	0	0	0	0	0	0	0	0	0	0	0	0	0	0	0	0	0	0	2	0	0	1	0	0	0	0	0	0	0	0	0	0	0	0	0	8	0	0	0	0
PGM	202	4	202_4	0	0	0	0	0	0	1	0	0	0	0	0	0	0	0	0	0	0	0	0	0	0	0	0	0	0	0	1	0	0	0	0	0	0	0	0	0	0	0	0	0
PGM	202	5	202_5	0	0	0	0	0	0	0	0	0	1	0	0	0	0	0	0	0	0	0	0	0	0	0	0	0	0	0	0	0	0	0	1	0	3	0	0	13	0	0	0	0
PGM	202	6	202_6	0	0	0	0	0	0	0	0	0	0	0	0	0	0	0	0	0	0	0	0	0	0	0	0	0	0	0	0	0	0	0	0	0	0	0	0	17	0	0	0	0
PGM	202	7	202_7	0	0	0	0	0	0	2	0	0	3	0	0	0	0	0	0	0	0	0	0	0	0	2	1	0	0	0	0	0	0	0	2	1	1	0	1	8	0	0	0	0
PGM	202	8	202_8	0	0	0	0	0	0	0	0	0	0	0	0	0	0	0	0	0	0	0	3	0	0	0	0	0	0	0	2	0	0	0	1	0	1	0	0	13	0	0	0	0
PGM	202	9	202_9	0	0	0	0	0	0	0	0	0	0	0	0	0	0	0	0	0	0	0	0	0	0	0	0	0	0	0	0	0	0	0	0	0	0	0	0	6	0	0	0	0
PGM	235	1	235_1	0	0	0	0	0	0	0	0	0	0	0	0	0	0	0	0	1	0	0	0	0	0	1	0	0	0	0	1	0	0	1	0	0	1	0	0	2	0	0	0	0
PGM	235	11	235_11	0	0	0	0	0	0	0	0	0	0	0	0	0	0	0	1	0	0	0	0	0	0	0	0	0	0	0	0	0	0	0	0	0	0	0	0	0	0	0	0	0
PGM	235	12	235_12	0	0	0	0	0	0	0	0	0	0	0	0	0	0	0	0	3	0	0	0	0	0	0	0	0	0	0	0	0	0	0	0	0	1	0	0	0	0	0	0	0
PGM	235	3	235_3	0	0	0	0	0	0	0	0	0	0	0	0	0	0	0	0	0	0	0	1	0	0	0	0	0	0	0	0	0	0	1	0	0	2	0	0	0	0	0	0	1
PGM	235	4	235_4	0	0	0	0	0	0	0	0	0	0	0	0	0	0	0	0	1	0	0	0	0	0	0	0	0	0	0	1	0	0	2	0	0	0	0	0	0	0	0	0	0
PGM	235	5	235_5	0	0	0	0	0	0	1	0	0	0	0	0	0	0	1	0	0	0	0	0	0	1	0	0	0	0	0	7	0	0	0	1	0	0	1	0	1	0	0	0	0
PGM	235	6	235_6	0	0	0	0	0	0	0	0	0	0	0	0	0	0	0	0	0	0	0	0	0	0	0	0	0	0	0	0	0	0	0	0	1	0	0	0	0	0	0	0	0
PGM	235	7	235_7	0	0	0	0	0	0	1	0	0	0	0	0	0	0	1	0	0	0	0	0	0	0	0	0	0	0	0	0	0	0	0	0	0	1	0	0	1	0	0	0	0
PGM	235	8	235_8	0	0	0	0	0	0	0	0	0	0	0	0	0	0	1	0	0	0	0	0	0	0	0	0	0	0	0	0	0	0	0	1	0	1	0	0	0	0	0	0	0
PGM	245	1	245_1	0	0	0	0	0	0	0	1	0	1	0	0	1	0	1	0	0	0	0	2	0	0	0	0	0	0	0	0	0	0	0	5	0	2	0	0	12	0	0	0	0
PGM	245	11	245_11	0	0	4	0	0	1	0	0	0	1	6	0	0	0	1	0	1	0	0	0	0	0	0	0	1	0	0	1	0	0	5	2	1	1	2	0	1	0	0	0	4
PGM	245	12	245_12	0	0	0	1	0	0	1	0	0	0	0	0	0	0	0	0	0	0	0	0	0	0	0	0	0	0	0	0	0	0	0	1	0	1	0	0	5	0	0	0	1
PGM	245	13	245_13	0	0	0	0	0	0	0	0	0	0	0	0	0	0	0	0	0	0	0	0	0	0	1	0	0	0	0	0	0	0	0	0	0	1	0	0	2	0	0	0	0
PGM	245	14	245_14	0	0	0	0	0	0	0	0	0	0	0	0	0	0	0	0	0	0	0	0	0	0	1	0	0	0	0	0	0	0	0	0	1	0	0	0	5	0	0	0	0
PGM	245	2	245_2	0	0	0	0	0	0	1	0	0	0	0	0	0	0	0	2	0	0	0	0	0	0	0	0	0	0	0	0	0	0	0	1	0	6	0	0	0	0	0	0	0
PGM	245	4	245_4	0	0	0	0	0	0	1	0	0	0	0	0	0	0	0	0	0	0	0	0	0	0	0	0	0	0	0	0	0	0	0	0	1	1	0	0	1	0	0	0	0
PGM	245	5	245_5	0	0	0	0	0	0	0	2	0	0	4	0	1	0	0	0	4	0	0	0	0	1	0	0	1	0	0	3	0	0	1	1	1	0	0	0	1	0	0	0	1
PGM	245	6	245_6	0	0	0	0	0	0	0	0	0	0	0	0	0	0	0	0	4	0	0	0	0	0	0	0	1	0	0	2	0	0	1	1	0	0	0	0	0	0	0	0	1
PGM	245	7	245_7	0	0	0	0	0	0	2	1	0	0	0	0	0	0	0	1	1	0	0	1	0	2	0	0	0	0	0	0	0	0	0	5	0	0	0	0	14	0	1	0	0
PGM	245	9	245_9	0	0	0	0	0	0	0	0	0	0	2	0	0	0	0	0	1	0	0	0	0	0	0	0	0	0	0	0	0	0	0	1	0	2	0	0	0	0	1	0	1
PGM	269	1	269_1	0	0	0	0	0	0	1	0	0	0	0	0	0	0	0	0	1	0	0	0	0	0	0	0	1	1	0	0	0	0	0	0	0	2	0	0	0	0	0	0	0
PGM	269	10	269_10	0	0	0	0	0	0	0	0	1	1	0	0	0	0	1	0	1	0	0	0	0	0	1	0	0	1	0	0	0	0	0	0	0	0	0	0	1	0	1	0	0
PGM	269	11	269_11	0	0	0	0	0	0	1	0	0	0	0	0	0	0	0	1	0	0	0	0	0	0	0	0	1	1	0	6	0	0	0	0	0	1	0	0	0	0	2	0	0
PGM	269	12	269_12	0	0	0	0	0	0	0	0	0	0	0	0	0	0	0	0	0	0	0	0	0	0	1	0	0	0	0	0	0	0	0	0	1	0	0	0	18	0	0	0	0
PGM	269	13	269_13	0	0	0	0	0	0	0	0	0	0	0	0	0	0	0	0	0	0	0	0	0	0	0	0	0	0	0	0	0	0	0	0	0	1	0	0	66	0	0	0	0
PGM	269	14	269_14	0	0	0	0	0	0	0	0	0	0	0	0	0	0	0	0	0	0	0	0	0	0	0	0	0	0	0	0	0	0	0	0	1	2	0	0	6	0	0	0	0
PGM	269	15	269_15	0	0	0	0	0	0	0	0	0	0	0	0	0	0	0	0	0	0	0	0	0	0	0	0	0	0	0	0	0	0	0	0	0	0	0	0	5	0	0	0	0
PGM	269	2	269_2	0	0	0	0	0	0	1	0	0	1	0	0	0	0	1	0	1	0	0	0	0	0	0	0	0	3	0	0	0	0	0	0	0	1	0	0	0	0	2	0	0
PGM	269	4	269_4	0	0	0	0	0	0	1	0	0	1	0	0	0	0	0	0	2	0	0	0	0	0	1	0	0	0	0	2	0	0	0	0	0	0	0	0	0	0	1	0	0
PGM	269	6	269_6	0	0	0	0	0	0	2	0	0	0	0	0	0	0	1	0	0	0	0	1	0	0	0	0	0	0	0	1	0	0	0	0	0	3	0	0	1	0	1	0	0
PGM	269	7	269_7	0	0	0	0	0	0	0	0	0	0	0	0	0	0	0	0	1	0	0	0	0	1	0	0	2	0	0	6	0	0	0	0	0	4	0	0	0	0	1	0	0
PGM	269	8	269_8	0	0	0	0	0	0	3	0	0	1	0	0	0	0	1	0	1	0	0	1	0	2	0	0	1	0	0	3	0	0	2	0	1	1	0	0	0	0	1	0	0
PGM	274	1	274_1	0	0	1	0	0	0	0	0	0	0	0	0	0	0	0	1	5	1	0	0	0	0	0	0	0	0	0	0	0	0	0	0	0	0	0	0	0	0	0	0	1
PGM	274	10	274_10	0	0	0	0	0	0	0	0	0	0	0	0	0	0	0	0	0	0	0	0	0	0	0	0	0	0	0	0	0	0	0	0	0	0	0	0	3	0	0	0	0
PGM	274	11	274_11	0	0	0	0	0	0	0	0	0	0	0	0	0	0	0	0	0	0	0	0	0	0	1	0	0	0	0	0	0	0	0	0	0	0	0	0	12	0	0	0	0
PGM	274	12	274_12	0	0	0	0	0	0	0	0	0	0	0	0	0	0	0	0	0	0	0	0	0	0	0	0	0	0	0	0	0	0	0	0	0	0	0	0	12	0	0	0	0
PGM	274	2	274_2	0	0	0	0	0	0	0	0	0	0	0	0	0	0	0	0	1	5	0	0	0	0	0	0	0	0	0	0	0	0	0	0	0	1	0	0	1	0	1	0	0
PGM	274	3	274_3	0	0	0	0	0	1	0	0	0	0	0	0	0	0	0	2	2	3	0	0	0	0	0	0	3	0	0	0	0	0	0	0	0	0	0	0	0	0	1	0	0
PGM	274	4	274_4	0	0	0	0	0	0	2	0	0	0	0	0	0	0	0	3	0	0	0	0	0	0	0	0	0	0	0	0	0	0	0	0	0	0	0	0	0	0	0	0	0
PGM	274	6	274_6	0	0	0	0	0	0	1	0	0	0	0	0	0	0	0	2	0	4	0	0	0	1	0	0	0	0	1	2	0	0	0	0	0	0	0	0	0	0	0	0	0
PGM	274	7	274_7	0	0	0	0	0	0	0	0	0	0	0	0	0	0	0	1	1	0	0	0	0	0	0	0	0	0	0	0	0	0	0	0	0	0	0	0	0	0	0	0	0
PGM	274	8	274_8	0	0	0	0	0	0	1	0	0	0	0	0	0	0	0	0	4	0	0	0	0	2	0	0	1	0	0	0	0	0	0	0	0	0	0	0	0	0	0	0	0
PGM	274	9	274_9	0	0	0	0	0	0	0	0	0	0	0	0	0	0	0	0	0	0	0	0	0	0	0	0	0	0	0	0	0	0	0	0	0	3	0	0	22	0	0	0	0
PGM	315	1	315_1	0	0	0	0	0	0	10	0	0	0	0	0	0	0	0	0	3	0	0	1	0	0	1	0	0	0	0	3	0	0	0	0	0	1	0	0	2	0	1	0	0
PGM	315	11	315_11	0	0	0	0	0	0	4	0	0	0	0	0	0	0	2	1	0	0	0	1	0	0	0	0	0	0	0	0	0	0	0	0	2	0	0	0	1	0	0	0	0
PGM	315	2	315_2	0	0	0	0	0	0	2	1	0	0	0	1	0	0	4	0	0	0	0	6	0	0	2	0	0	1	0	1	0	0	0	0	0	4	0	0	1	0	0	0	1
PGM	315	3	315_3	0	0	0	0	0	0	17	0	0	3	0	1	0	0	5	0	6	0	0	0	0	1	0	0	1	5	0	60	0	0	0	0	0	0	0	0	0	0	1	0	2
PGM	315	4	315_4	0	0	0	0	0	0	1	0	0	0	0	0	0	0	2	0	11	0	0	1	0	3	0	0	0	0	0	3	0	0	1	0	0	4	0	0	0	0	0	0	2
PGM	315	5	315_5	0	0	0	0	0	0	0	1	0	1	0	0	0	0	2	0	1	0	0	0	0	0	4	0	0	0	0	0	0	0	0	0	1	4	0	0	0	0	0	0	0
PGM	315	6	315_6	0	0	0	0	0	0	1	0	0	0	0	0	0	0	0	0	0	0	0	0	0	0	0	0	0	0	0	0	0	0	0	0	0	2	0	0	26	0	0	0	0
PGM	315	7	315_7	0	0	0	0	0	0	4	0	0	1	0	0	0	0	4	0	0	0	0	2	0	0	5	0	0	0	0	1	0	0	0	1	0	0	0	0	34	0	0	0	0
PGM	315	8	315_8	0	0	0	0	0	0	0	0	0	0	0	0	0	0	0	0	0	0	0	1	0	0	0	0	0	0	0	0	0	0	0	0	0	0	0	0	5	0	0	0	0
PGM	315	9	315_9	0	0	0	0	0	0	1	0	0	0	0	0	1	0	0	0	1	0	0	0	0	0	2	0	0	0	0	0	0	0	0	0	0	4	0	0	12	0	0	0	0
PGM	342	1	342_1	0	0	0	0	0	0	0	1	0	0	0	2	0	0	0	0	2	0	0	0	0	0	0	0	0	0	0	1	0	0	0	0	0	1	0	0	0	0	0	0	0
PGM	342	10	342_10	0	0	0	0	0	0	0	0	0	0	0	0	0	0	0	0	0	3	0	0	0	0	1	0	0	0	0	0	0	0	5	0	0	5	0	0	0	0	0	0	0
PGM	342	11	342_11	0	0	0	0	0	0	1	1	0	0	0	2	0	0	1	0	0	1	0	2	0	3	0	0	1	0	0	0	0	0	1	0	0	0	0	0	0	0	1	0	0
PGM	342	12	342_12	0	0	0	0	0	0	0	0	2	0	0	0	0	0	0	0	0	0	0	0	0	1	0	0	0	0	0	10	0	0	0	0	0	1	0	0	0	0	0	0	0
PGM	342	2	342_2	0	0	0	0	0	0	0	1	0	0	0	0	0	0	0	0	2	0	0	0	0	0	0	0	0	0	0	0	0	0	1	0	1	2	0	0	0	0	1	0	0
PGM	342	3	342_3	0	0	0	0	0	0	0	0	0	2	1	0	0	0	0	0	0	0	0	0	0	0	0	0	0	0	0	0	0	0	0	0	0	3	1	0	1	0	4	0	0
PGM	342	4	342_4	0	0	0	0	0	0	0	7	0	0	0	0	0	0	0	0	1	0	0	1	0	5	0	0	0	0	0	0	0	0	2	0	0	3	0	0	0	0	1	0	0
PGM	342	5	342_5	0	0	0	0	0	0	1	0	0	0	0	0	0	0	0	0	2	0	0	0	0	0	0	0	1	0	0	0	0	0	0	0	0	1	0	0	0	0	0	0	0
PGM	342	6	342_6	0	0	0	0	0	0	0	2	0	0	0	0	0	0	0	0	2	5	0	0	0	2	0	0	0	0	0	0	0	0	1	0	0	1	0	0	0	0	0	0	0
PGM	342	8	342_8	0	0	0	0	0	0	0	1	0	0	1	0	0	0	0	0	1	0	0	0	0	1	0	0	1	0	0	0	0	0	2	0	0	0	0	0	0	0	1	0	0
PGM	342	9	342_9	0	0	0	1	0	0	0	0	0	0	1	0	0	0	0	0	4	5	0	0	0	3	0	0	1	0	0	1	0	0	1	0	0	3	0	0	0	0	2	0	0
PGM	358	10	358_10	0	0	0	0	0	0	1	0	0	1	0	0	0	0	0	0	0	2	0	0	0	0	0	0	0	0	0	0	0	0	0	0	0	0	0	0	19	0	0	0	0
PGM	358	11	358_11	0	0	0	0	0	0	2	1	0	0	1	0	0	0	0	3	0	0	0	0	0	0	0	0	0	0	0	1	0	0	2	2	0	4	2	0	0	0	0	0	0
PGM	358	2	358_2	0	0	0	0	0	0	1	0	0	0	0	0	1	0	0	0	1	0	0	2	0	0	0	0	0	0	0	0	0	0	0	0	1	2	0	0	4	0	0	0	0
PGM	358	3	358_3	0	0	0	0	0	0	0	0	0	0	0	0	0	0	0	0	0	0	0	0	0	0	0	0	0	0	0	0	0	0	1	0	0	0	0	0	2	0	0	0	0
PGM	358	4	358_4	0	0	0	0	0	0	13	0	0	3	0	0	0	0	1	3	4	1	0	0	0	3	0	0	2	0	0	4	1	0	8	1	0	6	1	0	2	0	0	0	1
PGM	358	5	358_5	0	0	0	0	0	0	17	1	0	2	1	0	0	0	0	2	5	1	0	1	0	6	0	0	2	0	1	5	0	0	5	0	0	1	0	0	1	0	0	0	1
PGM	358	6	358_6	0	0	0	0	0	0	0	1	0	0	0	0	0	0	0	0	0	0	0	0	0	1	0	0	0	0	0	0	0	0	0	0	0	0	0	0	1	0	0	0	0
PGM	358	7	358_7	0	0	0	0	0	0	2	1	0	0	0	0	0	0	0	0	0	0	0	0	0	0	0	0	0	0	0	1	0	0	0	1	0	0	0	0	4	1	0	0	0
PGM	358	8	358_8	0	0	0	1	0	0	5	0	0	0	0	0	0	0	0	0	1	0	0	1	0	0	0	0	0	0	0	0	0	0	1	1	1	0	0	0	2	0	0	0	0
PGM	358	9	358_9	0	0	0	0	0	0	8	1	0	0	0	0	0	0	0	0	0	0	0	0	0	1	0	0	0	0	0	1	0	0	0	0	0	0	0	0	2	0	0	0	0
PGM	369	1	369_1	0	0	0	0	0	0	0	0	1	0	0	0	0	0	0	0	1	0	0	0	0	0	0	0	0	0	0	1	0	0	1	0	0	0	0	0	0	0	0	0	0
PGM	369	10	369_10	0	0	0	0	0	0	1	0	0	0	0	0	0	0	0	0	1	0	0	0	0	2	0	0	0	0	0	4	0	0	0	0	0	4	0	0	2	0	0	0	0
PGM	369	11	369_11	0	0	0	0	0	0	2	1	0	0	1	0	0	0	0	0	0	1	0	0	0	0	0	0	0	0	0	0	0	0	0	0	0	2	0	0	20	0	0	0	0
PGM	369	12	369_12	0	0	0	0	0	0	0	1	0	1	0	0	0	0	0	0	0	0	0	0	0	0	2	0	0	0	0	0	0	0	0	0	0	1	0	0	9	0	1	0	0
PGM	369	13	369_13	0	0	0	0	0	0	1	0	0	0	0	0	0	0	0	0	0	0	0	0	0	0	0	0	0	0	0	1	0	0	0	0	0	1	0	0	3	0	0	0	0
PGM	369	3	369_3	0	0	0	0	0	0	1	0	0	0	1	0	0	0	0	1	1	0	0	0	0	0	0	0	0	0	0	0	0	0	0	0	0	4	0	0	0	0	2	0	0
PGM	369	4	369_4	0	0	0	0	0	0	3	2	0	0	0	0	1	0	0	0	3	0	0	0	0	0	0	0	1	0	0	6	1	0	0	0	0	1	0	0	0	0	0	0	0
PGM	369	5	369_5	0	0	0	0	0	0	1	0	0	0	0	0	0	0	0	0	0	0	0	0	0	0	0	0	0	1	0	0	0	0	0	0	0	0	0	0	0	0	0	0	1
PGM	369	6	369_6	0	0	0	0	0	0	2	0	0	0	0	0	0	0	0	0	1	0	0	0	0	0	0	0	0	0	0	0	0	0	0	0	0	0	0	0	0	0	0	0	0
PGM	369	7	369_7	0	0	0	0	0	0	9	0	0	0	0	0	2	0	1	1	0	0	0	1	0	0	1	0	3	0	0	5	0	0	0	0	0	1	0	0	0	0	0	0	0
PGM	369	8	369_8	0	0	0	0	0	0	0	0	0	0	0	0	0	0	0	1	1	0	0	0	1	2	0	0	0	0	0	4	0	0	0	0	0	0	0	0	0	0	0	0	0
PGM	423	1	423_1	0	0	0	0	0	0	1	1	0	0	0	0	0	0	0	0	0	0	0	0	0	0	0	0	0	0	1	0	0	0	0	0	0	1	0	0	0	0	0	0	0
PGM	423	10	423_10	0	0	0	0	0	0	0	0	0	0	0	0	0	0	0	0	0	0	0	0	0	0	0	0	0	0	0	0	0	0	0	0	0	2	0	0	41	0	0	0	0
PGM	423	11	423_11	0	0	0	0	0	0	0	0	0	0	1	0	0	0	0	0	0	0	0	0	0	0	2	0	0	0	0	0	0	0	0	0	0	2	0	0	12	0	0	0	0
PGM	423	12	423_12	0	0	0	0	0	0	0	0	0	0	0	0	0	0	0	0	0	0	0	0	0	0	0	0	0	0	0	0	0	0	0	0	0	1	0	0	52	0	0	0	0
PGM	423	13	423_13	0	0	0	0	0	0	0	0	0	0	0	0	0	0	0	0	0	0	0	1	0	0	0	0	0	0	0	0	0	0	0	0	0	0	0	0	0	0	0	0	0
PGM	423	2	423_2	0	0	0	0	0	0	0	0	0	0	0	1	0	0	0	0	0	0	0	0	0	0	0	0	0	0	0	0	0	0	0	0	0	0	0	0	4	0	0	0	0
PGM	423	4	423_4	0	0	0	0	0	0	0	0	0	1	0	0	0	0	0	0	2	0	0	0	0	0	0	0	0	0	0	1	0	0	1	1	0	1	0	0	2	0	0	0	0
PGM	423	5	423_5	0	0	0	0	0	0	0	0	0	0	0	0	0	0	0	0	0	0	0	0	0	0	0	0	0	0	0	0	0	0	1	1	0	0	0	0	0	0	0	0	1
PGM	423	6	423_6	1	0	0	0	0	0	1	0	0	0	0	1	0	0	0	0	0	0	0	0	0	0	1	0	0	0	0	2	0	0	0	0	0	0	0	0	0	0	0	0	2
PGM	423	7	423_7	0	0	0	0	0	0	0	0	0	0	0	0	0	0	0	0	0	5	0	0	0	0	0	0	0	0	0	0	0	0	0	0	0	2	0	0	0	0	0	0	0
PGM	423	8	423_8	0	0	0	0	0	0	0	0	0	2	0	0	0	0	0	0	0	0	0	0	0	0	0	0	0	0	0	0	0	0	0	0	0	2	0	0	1	0	1	0	0
PGM	423	9	423_9	0	0	0	0	0	0	0	0	0	0	0	0	0	0	0	0	0	0	0	0	0	0	0	0	0	0	0	0	0	0	1	0	0	0	0	0	1	0	1	0	0
PGM	44	1	44_1	0	0	0	0	0	0	0	0	0	0	2	0	0	0	0	1	1	0	0	1	0	0	0	0	0	0	0	0	0	0	0	0	0	9	0	0	0	0	0	0	0
PGM	44	12	44_12	0	0	0	0	0	0	0	0	0	1	0	1	0	0	1	0	1	0	0	0	0	1	0	0	0	0	2	0	1	0	1	0	0	0	0	0	2	0	0	0	0
PGM	44	15	44_15	0	0	0	0	0	0	0	0	0	0	0	0	0	0	0	0	0	0	0	0	0	0	0	0	0	0	0	0	0	0	0	0	0	6	0	0	9	0	0	0	0
PGM	44	2	44_2	0	0	0	0	0	0	0	1	0	1	0	0	0	0	0	0	0	0	0	0	0	1	0	0	0	0	0	0	0	0	0	0	0	1	0	0	1	0	0	0	0
PGM	44	3	44_3	0	0	0	0	0	0	0	0	0	0	0	0	0	0	0	1	0	0	0	0	0	0	0	0	0	0	0	0	0	0	0	2	0	4	0	0	1	0	0	0	0
PGM	44	4	44_4	0	0	0	0	0	0	0	0	0	0	0	0	0	0	0	2	0	0	0	0	0	0	0	0	0	0	0	0	0	0	3	0	0	2	0	0	0	0	0	0	0
PGM	44	5	44_5	0	0	0	0	0	0	0	0	0	0	2	0	0	0	0	4	3	0	0	0	0	0	0	0	1	0	0	0	0	0	0	1	0	1	0	0	0	0	0	0	0
PGM	44	6	44_6	0	0	0	0	0	0	2	0	0	2	1	0	0	0	0	2	1	0	0	2	0	0	0	0	2	0	0	1	0	0	0	2	0	2	0	0	0	0	0	0	0
PGM	44	7	44_7	0	0	0	0	0	0	0	0	0	1	0	0	0	0	0	0	0	0	0	0	0	0	0	0	0	0	0	0	0	0	1	1	0	2	0	0	1	0	0	0	0
PGM	44	8	44_8	0	0	0	0	0	0	0	0	0	1	0	0	0	0	0	0	0	0	0	0	0	0	2	0	0	0	0	0	2	0	0	1	0	0	0	0	2	0	1	0	0
PGM	44	9	44_9	0	0	0	0	0	0	0	0	0	0	0	0	0	0	0	0	2	0	0	1	0	0	0	0	0	0	0	0	0	0	2	0	0	4	0	0	4	0	0	0	0
PGM	443	1	443_1	0	0	0	0	0	0	1	0	0	0	0	0	0	0	2	0	4	0	0	0	0	0	0	0	0	0	0	1	0	0	0	1	0	1	0	0	0	0	0	0	0
PGM	443	10	443_10	0	0	0	0	0	0	0	0	0	1	0	0	0	0	0	0	0	0	0	0	0	0	0	0	0	0	0	0	0	0	0	0	0	0	0	0	72	0	0	0	0
PGM	443	2	443_2	0	0	0	0	0	0	0	0	0	0	0	0	0	0	0	0	4	0	0	1	0	0	0	0	1	0	0	11	0	0	2	0	0	3	0	0	3	0	0	0	0
PGM	443	3	443_3	0	0	0	0	0	0	0	0	0	0	0	0	0	0	0	0	0	0	0	0	0	0	0	0	0	0	0	0	0	0	0	0	0	1	0	0	78	0	0	0	0
PGM	443	4	443_4	0	2	0	0	0	1	0	0	0	5	0	0	0	0	1	0	0	0	0	1	0	0	1	0	1	0	0	0	1	0	0	0	0	1	0	0	11	0	0	0	3
PGM	443	5	443_5	0	0	0	0	0	0	0	0	0	0	0	0	0	0	0	0	0	0	0	0	0	0	0	0	0	0	0	0	0	0	0	0	0	0	0	0	180	0	0	0	0
PGM	443	6	443_6	0	1	0	0	0	0	0	0	0	0	0	0	0	0	0	0	0	0	0	0	0	0	0	0	0	0	0	0	0	0	0	0	0	0	0	0	172	0	0	0	0
PGM	443	7	443_7	0	0	0	0	0	0	1	0	0	6	1	0	0	0	0	0	5	0	0	2	0	0	2	0	1	0	1	1	0	0	7	1	0	0	0	0	21	0	0	0	2
PGM	443	8	443_8	0	0	0	0	0	0	0	0	0	0	0	0	0	0	2	0	0	0	0	0	0	0	0	0	0	0	0	0	0	0	0	0	1	1	0	0	176	0	0	0	0
PGM	443	9	443_9	0	0	0	0	0	0	0	0	0	4	0	0	0	0	0	0	0	0	0	2	0	0	0	0	0	0	0	0	1	0	0	0	0	1	0	0	42	0	0	0	0
PGM	547	1	547_1	0	0	0	0	0	0	1	0	1	2	1	2	0	0	0	1	1	0	0	0	0	4	0	0	0	0	1	0	0	0	0	0	0	9	0	0	0	0	0	0	1
PGM	547	10	547_10	0	0	0	0	0	0	1	0	0	2	1	0	0	0	1	0	4	0	0	0	0	0	5	0	1	0	0	0	1	0	4	0	0	2	0	0	0	0	1	0	0
PGM	547	11	547_11	0	0	0	0	0	0	0	0	0	0	0	0	0	0	0	0	0	0	0	0	0	0	0	0	0	0	0	2	0	0	2	0	0	0	0	0	6	0	0	0	0
PGM	547	12	547_12	0	0	0	0	0	0	1	0	0	1	0	0	0	0	0	0	0	0	0	0	0	0	1	0	0	0	0	0	0	0	0	0	0	3	0	0	1	0	0	0	0
PGM	547	13	547_13	0	0	0	0	0	0	1	2	0	1	0	0	0	0	0	0	0	0	0	0	0	0	1	0	0	0	0	0	0	1	0	0	0	0	0	0	1	0	0	0	0
PGM	547	14	547_14	0	0	0	0	0	0	1	0	0	0	0	0	0	0	0	0	0	0	0	0	0	0	0	0	0	0	0	0	0	0	0	0	0	1	0	0	3	0	0	0	0
PGM	547	2	547_2	0	0	0	0	0	0	1	0	0	1	0	0	0	0	0	0	2	0	0	0	0	0	1	0	0	0	0	1	0	0	0	0	0	1	0	0	0	0	2	0	0
PGM	547	5	547_5	0	0	0	0	0	0	15	0	0	0	0	0	0	0	0	2	1	0	0	0	0	2	2	0	1	0	0	1	2	0	1	0	0	1	0	0	0	0	1	0	2
PGM	547	6	547_6	0	0	0	0	0	0	0	0	0	0	0	0	0	0	0	0	0	0	0	0	0	0	0	0	0	0	0	0	0	0	0	0	0	1	0	0	1	0	0	0	0
PGM	547	7	547_7	0	0	0	0	0	0	0	0	0	2	0	0	0	0	0	0	0	0	0	1	0	0	1	0	0	0	0	0	0	0	0	0	0	0	0	0	1	0	0	0	0
PGM	547	9	547_9	0	0	0	0	0	0	0	1	0	1	0	0	0	0	0	0	0	0	0	1	0	0	1	0	0	0	0	0	0	0	0	0	0	2	0	0	8	0	0	0	0
PGM	549	1	549_1	0	0	0	0	0	0	1	0	0	0	1	0	0	0	0	0	2	0	0	0	0	2	0	0	1	0	0	5	0	0	0	0	0	0	0	0	0	0	3	0	0
PGM	549	11	549_11	0	0	0	0	0	0	1	0	0	0	0	0	0	0	0	0	0	0	0	0	0	0	0	0	1	0	0	17	0	0	0	0	0	4	0	0	0	0	0	0	0
PGM	549	12	549_12	0	0	0	0	0	0	1	3	1	0	0	0	0	0	0	0	1	0	0	0	0	1	0	0	1	0	0	0	0	0	1	0	0	1	0	0	0	0	2	0	0
PGM	549	2	549_2	0	0	0	0	0	0	1	0	0	1	0	0	0	0	0	0	2	0	0	0	0	0	1	0	0	0	0	0	0	0	0	0	0	1	0	0	0	0	2	0	0
PGM	549	3	549_3	0	0	0	0	0	0	0	0	0	1	0	0	0	0	0	0	3	0	0	0	0	0	0	0	1	0	0	1	0	0	5	0	0	2	0	0	0	0	1	0	0
PGM	549	4	549_4	0	0	0	0	0	0	4	1	1	0	0	0	2	0	0	0	3	0	0	0	1	0	0	0	2	0	0	2	4	0	6	0	0	0	0	0	0	0	2	0	0
PGM	549	5	549_5	0	0	0	0	0	0	5	0	0	3	5	0	0	0	1	0	3	1	0	0	0	1	1	0	0	0	0	5	0	0	0	0	0	3	0	0	0	0	1	0	1
PGM	549	6	549_6	0	0	0	0	0	0	2	2	0	0	0	0	1	0	0	0	0	0	0	0	0	0	0	0	2	0	0	8	0	0	12	0	0	4	0	0	0	0	1	0	0
PGM	549	7	549_7	0	0	0	0	0	0	0	2	0	0	0	0	2	0	0	0	4	0	0	0	0	0	2	0	0	0	0	4	0	0	0	0	0	0	0	0	0	0	1	0	0
PGM	549	8	549_8	0	0	0	0	0	0	4	0	0	1	0	0	0	0	0	0	1	0	0	0	0	0	2	0	0	0	0	3	0	0	2	0	0	8	0	0	0	0	2	0	0
PGM	549	9	549_9	0	0	0	0	0	0	1	1	0	1	1	0	1	0	1	0	6	0	0	1	0	1	2	0	0	0	0	5	1	0	0	0	0	2	0	0	0	0	0	0	0
PGM	235	10	235_10	NA	NA	NA	NA	NA	NA	NA	NA	NA	NA	NA	NA	NA	NA	NA	NA	NA	NA	NA	NA	NA	NA	NA	NA	NA	NA	NA	NA	NA	NA	NA	NA	NA	NA	NA	NA	NA	NA	NA	NA	NA
PGM	342	7	342_7	NA	NA	NA	NA	NA	NA	NA	NA	NA	NA	NA	NA	NA	NA	NA	NA	NA	NA	NA	NA	NA	NA	NA	NA	NA	NA	NA	NA	NA	NA	NA	NA	NA	NA	NA	NA	NA	NA	NA	NA	NA
PGM	547	8	547_8	NA	NA	NA	NA	NA	NA	NA	NA	NA	NA	NA	NA	NA	NA	NA	NA	NA	NA	NA	NA	NA	NA	NA	NA	NA	NA	NA	NA	NA	NA	NA	NA	NA	NA	NA	NA	NA	NA	NA	NA	NA
PGM	549	10	549_10	NA	NA	NA	NA	NA	NA	NA	NA	NA	NA	NA	NA	NA	NA	NA	NA	NA	NA	NA	NA	NA	NA	NA	NA	NA	NA	NA	NA	NA	NA	NA	NA	NA	NA	NA	NA	NA	NA	NA	NA	NA