"Transect_code" "Aboveground_pool" "Litter_pool" "Dead_pool" "Soil_pool_new"
"100_1" 0 5.579299759 4.190460285 52.73
"100_10" 7.432500062 4.861653868 1.456190358 42.45
"100_2" 6.864978064 4.603716458 8.465086831 98.4
"100_3" 71.32717881 7.368430526 30.33734163 83.86
"100_4" 0 8.173004014 21.88752029 68.16
"100_5" 113.9018125 11.46235454 39.46632225 62.28
"100_6" 114.2628193 10.93126196 34.01747769 48.99
"100_7" 67.26518608 8.124264002 6.379161365 46.84
"100_8" 0.872835645 4.135653224 19.18686503 58.1
"100_9" 15.15094662 8.421195098 11.20559814 60.45
"142_1" 87.80951782 8.125422855 26.47313805 54.49
"142_11" 0.386795401 2.350434531 0 81.56
"142_12" 125.3605733 7.277265874 14.74334435 90.36
"142_13" 18.86652831 9.861049868 6.493806272 79.26
"142_2" 49.21298605 10.5862277 28.27507076 48.36
"142_3" 128.0383727 7.926171224 32.35022397 56.93
"142_4" 140.5845921 7.947101555 28.8529712 63.26
"142_5" 257.9174932 10.03462455 12.52165956 112.4
"142_6" 75.65209617 5.378503089 10.09423548 135.39
"142_7" 1.621393913 4.090196093 0.003638632 77.28
"142_8" 0 1.033371333 0 77.86
"142_9" 0.343305756 2.610210956 3.954801773 70.51
"147_1" 99.28677709 7.962112801 25.51310297 66.07
"147_11" 133.8508354 13.01900159 40.16646297 66.94
"147_12" 0 1.6371045 0 29.49
"147_13" 1.291180966 10.38420165 1.120053655 71.27
"147_14" 0 4.783865251 1.043133926 135.5
"147_2" 91.58682293 10.62582237 22.241313 82.76
"147_3" 92.79769929 9.881861285 23.07462569 66.61
"147_4" 58.38936055 7.942864868 2.960952302 90.19
"147_5" 112.5821201 11.46897237 28.33026808 110
"147_7" 123.28103 6.868869272 49.6035425 95.7
"147_8" 126.4020745 9.862605933 11.89223738 66.9
"152_1" 37.32723572 10.76443705 2.013668443 75.87
"152_10" 0.950552749 1.201193636 0.971525435 35
"152_11" 0.287158777 1.005472707 1.885023884 35.13
"152_12" 0 0.187264588 1.050143599 44.1
"152_2" 34.36265568 8.405241831 2.050289177 59.04
"152_3" 47.45366323 6.504976879 3.641900357 41.67
"152_4" 58.20168765 12.76903137 7.341484291 44.09
"152_5" 0.005107374 2.66931856 0.028163037 60.52
"152_6" 55.05138079 12.46017329 2.598850305 86.22
"152_7" 10.60047011 9.250552096 2.754294838 44.62
"152_8" 46.44217225 12.98515428 6.192704416 47.96
"152_9" 0.024421159 1.43072 0 34.49
"202_1" 83.92342096 10.69646621 23.93181484 57
"202_12" 0 1.65152 0 53.83
"202_13" 71.38053808 11.06040731 10.83888848 58.54
"202_14" 36.83486607 7.698089251 0.338586873 40.21
"202_2" 41.10912059 10.99054456 4.235351669 99.11
"202_3" 0 0 0 47.53
"202_4" 40.41692168 4.802315868 0.008284639 108.99
"202_5" 0 0 0 38.2
"202_6" 0 0 0 70.11
"202_7" 0.301372709 1.924821333 0.124615132 62.14
"202_8" 0 1.95156 0 83.9
"202_9" 0 0.002473333 0 34.81
"235_1" 128.3159716 10.38609815 13.32360176 65.38
"235_10" 0 1.8339968 0.207676047 60
"235_11" 0 0 0 57.63
"235_12" 0 0 0 40.81
"235_3" 54.60363254 9.317715003 30.53377727 60.27
"235_4" 60.01028391 15.12183163 6.532373417 79.37
"235_5" 30.02362811 12.40604853 0.22539012 40.34
"235_6" 0 2.744989 0.078112406 60.34
"235_7" 0.018206817 1.80596 0 74.33
"235_8" 0 1.15032 0 62.16
"245_1" 0.06906707 0.86416 0 34
"245_11" 123.6270351 8.891190126 10.95849305 74.07
"245_12" 0.310647026 0.96192 0 26.35
"245_13" 0 0 0 20.41
"245_14" 1.383039113 2.238835606 0 26.71
"245_2" 115.7497677 9.67430356 27.10767889 35.5
"245_4" 95.37121935 6.642003006 13.87076178 26.89
"245_5" 214.1149162 8.589717959 21.12035151 45.09
"245_6" 166.2762856 9.608067184 30.61709911 77.42
"245_7" 57.24939216 9.291002395 2.568337015 43.11
"245_8" 153.9696472 7.741432739 28.64130783 30.21
"245_9" 133.7224095 8.148961339 56.74157248 30.27
"269_1" 117.7800652 12.96411309 26.09769725 69.16
"269_10" 123.9608501 9.926963767 39.00264873 62
"269_11" 132.8449912 5.957931849 25.54927591 67.51
"269_12" 0 0.6384 0 41.35
"269_13" 1.0439192 2.66344067 6.877189555 58.47
"269_14" 0 0.58644 0 31.58
"269_15" 0.188628447 3.830884667 0.087932109 42.61
"269_2" 68.82600009 9.66238864 22.27067831 64.7
"269_4" 181.8823853 10.59670629 42.08014185 49.5
"269_6" 60.74082129 11.8262773 33.84976333 56.01
"269_7" 133.1015756 10.91942887 59.56802797 48.44
"269_8" 193.2766869 8.259079385 4.545245429 40.03
"274_1" 99.04586024 10.16235662 20.99651152 51.59
"274_10" 0 0.839942 0 59.08
"274_11" 0 0.926 0 62.27
"274_12" 0 2.98908 0 53.35
"274_2" 80.34068898 6.4757792 20.38140451 58.75
"274_3" 217.3863368 9.451297881 23.39147307 52.32
"274_4" 76.43179192 12.63387961 16.42342898 52.54
"274_5" 74.09660562 6.268090781 16.70458973 54.03
"274_6" 84.55914035 8.922247503 13.57173837 61.31
"274_7" 127.26487 7.300182377 36.06079013 53.66
"274_8" 62.24307362 6.673018895 19.22696108 53.36
"274_9" 0 0.78212 0 54.39
"315_1" 71.73035919 10.41718997 29.61950272 36.42
"315_11" 15.54980941 6.969179412 27.23572236 52.39
"315_2" 28.12953757 8.496971494 4.130668689 58.6
"315_3" 123.7827807 8.185549153 25.52310369 37.92
"315_4" 119.1228497 13.70798818 46.70967541 36.65
"315_5" 6.117914224 5.107460781 9.74796457 54.95
"315_6" 0 0 0 51.37
"315_7" 0.024908625 10.73915482 0.386677308 34.2
"315_8" 0 1.6356 0 57.04
"315_9" 0 0 0 55.38
"342_1" 113.4753233 14.2827872 18.11778803 154.98
"342_10" 72.15434008 6.872160699 7.407628803 45.48
"342_11" 73.46107081 6.592581711 4.814304043 61.21
"342_12" 107.0018438 7.57058944 30.07717789 68.24
"342_2" 105.5572004 8.214027554 65.6614417 72.69
"342_3" 69.40645393 7.066696697 28.81862916 57.38
"342_4" 139.1545231 6.797652695 27.98626712 84.33
"342_5" 126.8669911 9.575323488 47.9085217 73.21
"342_6" 113.8793774 8.700948323 34.36784663 43.97
"342_7" 78.80721056 7.348983732 38.4588395 54.98
"342_8" 110.29828 12.93010555 43.76383871 71.29
"342_9" 157.9512891 10.59583308 31.99738258 78.39
"358_1" 0 9.388105529 0 62.17
"358_10" 0 0.976855008 0.806092988 35.47
"358_11" 91.5713086 9.889680542 24.10669414 60.4
"358_2" 4.220244819 1.044105392 0 26.07
"358_3" 12.16171743 5.316795899 0 30.71
"358_4" 143.253466 10.2318792 7.949163513 73.63
"358_5" 87.01003975 13.77317367 38.97935757 55.86
"358_6" 14.36331422 4.433267 0 23.61
"358_7" 8.178330958 3.519987543 0 29.49
"358_8" 2.43882411 0.916611444 0 24.9
"358_9" 6.411801295 2.647453545 0 25.78
"369_1" 50.26561357 9.957687308 10.99825921 57.6
"369_10" 149.7202339 8.768460358 49.17885092 48.64
"369_11" 0.012785537 3.134824576 8.532822284 44.67
"369_12" 0 1.615408889 0.218863542 48.07
"369_13" 0.010122599 2.20204411 0.441789459 50.35
"369_3" 74.73253189 8.028595155 5.786574568 52.27
"369_4" 104.0889993 11.25318668 21.73693753 57.88
"369_5" 118.0590064 9.356313129 40.36751587 70.36
"369_6" 58.04370371 8.226379911 21.80483076 65.36
"369_7" 109.5061171 9.596202004 31.75858672 51.51
"369_8" 98.51117026 7.426809558 30.39662488 59.63
"423_1" 55.11195132 9.40345785 18.84182391 30.47
"423_10" 0 0 0 69.89
"423_11" 0 2.1138 0 62.77
"423_12" 0 0 0 55.64
"423_13" 49.33637753 8.10992 0 27.49
"423_2" 2.525684881 11.02025967 0.57745535 58.72
"423_4" 42.71249067 7.670197846 0.731719162 37.13
"423_5" 98.63800975 10.58607451 23.71049267 89.81
"423_6" 83.19702074 9.302183014 33.91019111 26.75
"423_7" 221.1138381 9.255832746 28.27804562 63.86
"423_8" 41.67725815 7.191252667 0 17.4
"423_9" 44.46567348 9.335410889 18.40126168 34.36
"44_1" 63.62420593 10.47031479 47.56488864 95.34
"44_12" 3.76802542 2.024270752 31.18179035 26.04
"44_15" 0.108242127 1.545372784 4.304058922 29.27
"44_2" 103.7448579 10.56786492 77.26790417 119.2
"44_3" 0.019383225 0.757174211 8.749420367 40.51
"44_4" 99.36787231 10.1481038 48.54016575 31.62
"44_5" 153.8819596 9.539424338 26.7890837 42.28
"44_6" 76.22481753 8.123793412 52.56535986 35.62
"44_7" 0.360304968 0.890292114 8.582113309 36.47
"44_8" 0 2.84661375 4.54430685 31.08
"44_9" 0.501402665 2.430252027 19.73110525 50.45
"443_1" 59.04195154 12.43726642 82.62974376 27.63
"443_10" 0 1.71448 0 20.91
"443_2" 133.062027 7.507878752 30.46461519 34.13
"443_3" 0 2.5098 0 27.6
"443_4" 125.4631246 9.253017975 21.01041984 28.23
"443_5" 0 4.783015967 0.188377094 39.94
"443_6" 0 2.7166014 0.088979916 23.66
"443_7" 0.013874221 3.28179417 0.170059314 39.56
"443_8" 0 2.2954 0 31.2
"443_9" 0 1.30456 0 29.3
"547_1" 192.2415626 9.552182439 53.5202427 78.7
"547_10" 18.95945946 4.438218951 12.06325495 51.11
"547_11" 1.280037763 2.468516809 7.117760695 57.49
"547_12" 0.212602798 1.847848632 6.508065731 30.09
"547_13" 0.208482332 4.20627584 8.846929923 76.4
"547_14" 0 4.803477115 2.809076967 120.5
"547_2" 80.4687845 9.225870319 35.9859113 51.9
"547_5" 131.2747654 10.30818706 41.45019503 66.8
"547_6" 0.013303097 2.007777103 0.940862657 56.72
"547_7" 0.131984814 1.935713409 11.37421319 32.36
"547_8" 1.790890936 1.895831 0.053861762 24.34
"547_9" 0 5.702692063 4.392413265 42.8
"549_1" 180.194592 12.04022113 27.66504966 34.2
"549_10" 197.3451602 7.509818001 10.43293582 38.54
"549_11" 171.376247 11.57065395 26.2028435 102.02
"549_12" 232.3566711 7.770887103 19.69408792 39.04
"549_2" 157.2858988 4.8729974 12.13506406 39.12
"549_3" 165.7410863 7.492249571 25.63407251 39.65
"549_4" 203.2735644 10.81441621 13.72356917 70.32
"549_5" 151.5793226 7.972556758 43.18286467 38.35
"549_6" 269.1563271 8.798651311 16.94797798 66.64
"549_7" 315.8216594 6.454561399 26.84716481 34.65
"549_8" 163.0171479 7.633699462 18.53670632 44.19
"549_9" 113.7560871 8.422679363 51.83807392 58.42
"ExtraPGM1" 228.5530961 NA 2.746342611 NA
"ExtraPGM2" 149.2230439 NA 22.97343765 NA
"ExtraPGM3" 270.7241388 NA 6.226214735 NA
"ExtraPGM4" 179.4463496 NA 2.728106806 NA
